-2420.80953395439,167.786421370931,841.922616045303
-2420.37970522436,167.332603909226,841.883671672678
-2419.93517094109,166.808524739068,841.83697287522
-2419.47562928023,166.209400694025,841.78160122452
-2419.00077841738,165.530448607665,841.716638292168
-2418.51031652818,164.766885313557,841.641165649754
-2418.00394178826,163.913927645268,841.554264868868
-2417.48135237325,162.966792436367,841.455017521101
-2416.94224645876,161.920696520422,841.342505178043
-2416.31326940654,160.820677979377,841.29551466847
-2415.61325526319,159.774663939964,841.324270571174
-2414.82690109461,158.726618852684,841.404452196875
-2413.89564122213,157.82177902611,841.63881371527
-2412.92586487384,156.905678531173,841.856614865901
-2411.8673231525,156.07329914969,842.186534351195
-2410.72932175077,155.358968001345,842.56156068442
-2409.76571053601,154.088849726787,842.72077323641
-2408.8654956281,152.691745902622,842.770577868261
-2407.91768314695,151.596458105458,842.817380441071
-2406.98206588307,150.413166068041,842.668999203683
-2406.05984480378,149.120244627524,842.297725611357
-2405.15222087643,147.696068621065,841.675851119352
-2403.90927474764,146.731397233872,841.187627494828
-2402.69625438359,145.603112418072,840.694763304214
-2401.38122899935,144.480625719161,840.258646023378
-2399.86157781037,143.531477165174,840.149832288988
-2398.23525937074,142.599209357838,840.287540531814
-2396.62630695233,141.430174817977,840.521964370785
-2394.91695285924,140.272493908891,840.983354015345
-2393.10228916634,139.14746528882,841.612528041611
-2391.21838621157,138.013553469819,842.225526995625
-2389.15172921054,136.98517089003,842.877467273945
-2386.9136572993,136.099542449421,843.563059032
-2384.52188316416,135.453174866495,844.321393568066
-2381.95247908327,134.853746123228,845.065809743685
-2379.24798032855,134.243324492621,845.785303781666
-2376.41573894211,133.618128542643,846.471168678592
-2373.46310696607,132.974376841264,847.114697431043
-2370.39743644253,132.308287956452,847.7071830356
-2367.2260794136,131.616080456176,848.239918488845
-2363.95638792139,130.893972908405,848.704196787359
-2360.59571400801,130.138183881107,849.091310927724
-2357.15140971557,129.344931942253,849.392553906521
-2353.63082708618,128.510435659809,849.599218720332
-2350.04131816195,127.630913601747,849.702598365736
-2346.15954085209,127.008228477644,849.849962306844
-2342.2761137214,126.326596689944,849.90913693401
-2338.28380774135,125.675040447762,849.868874919023
-2334.09420305022,125.318156980413,849.840102010516
-2329.97171617723,124.745102763103,849.473687684462
-2325.75206493742,124.265530997097,849.004203611679
-2321.4479863822,123.925464521103,848.436196340768
-2317.03927407883,123.73508398227,847.751010203158
-2312.63322947591,123.476177293586,846.865964709885
-2308.06769605633,123.498538267176,846.122433035533
-2303.23078304713,123.80468157829,845.297684383129
-2298.22774715843,124.284990574262,844.365608231291
-2293.16384510032,124.829848602424,843.300094058636
-2288.14433358289,125.32963901011,842.075031343783
-2283.27446931624,125.674745144651,840.664309565349
-2278.34450533865,125.940811057451,839.108390017706
-2273.2629349264,126.158797814272,837.358333194777
-2267.99750183973,126.796447262432,835.865413284556
-2262.53343812736,127.424094621334,834.352645456012
-2256.90287563993,127.778667196664,832.652515259112
-2251.16207719084,128.42276856521,831.260574048359
-2245.16041352596,129.118662968251,829.963415773767
-2238.98223633193,129.709382107212,828.7498924952
-2232.59510918368,130.572867943312,827.732868329424
-2225.95868338115,131.637836897119,827.033815840005
-2219.04284540768,132.504196465778,826.141704771762
-2211.92122743111,133.646260079686,825.501788692268
-2204.45630110976,134.803042773542,824.851011816467
-2196.69157828343,136.134668287088,824.443684706849
-2188.65335755353,137.6061904772,824.143711645534
-2180.23953187221,139.166287293418,824.043931825872
-2171.43302313475,140.764641698937,823.81157415186
-2162.20544041348,142.6499386325,823.702034974752
-2152.77408407597,144.881055728767,823.944183690614
-2143.36755696845,146.951547848887,824.832753164587
-2134.19965680205,148.879072487965,826.273041226611
-2125.21341116625,150.726663467598,827.681286228411
-2116.07986047889,152.644579702024,828.687208299801
-2106.94286947699,154.916095425745,829.839118569304
-2097.92813505075,157.466492941495,831.23032604292
-2088.97871388745,159.954496887483,832.595536998002
-2080.04457296989,162.68486681656,834.026082924737
-2071.09165724593,165.554639261439,835.743084791263
-2062.17988127704,168.649002098549,837.480476707104
-2053.54846947521,171.575477839324,839.063302415067
-2045.25109036788,174.268518114913,840.485575235434
-2037.26248822671,176.74451500494,841.757091758629
-2029.55740732337,179.01986058903,842.887648575073
-2022.11059192953,181.110946946808,843.887042275188
-2014.89678631685,183.034166157899,844.765069449397
-2007.89073475701,184.805910301926,845.531526688121
-2001.06718152166,186.442571458516,846.196210581782
-1994.40087088248,187.960541707292,846.768917720804
-1987.86654711112,189.376213127879,847.259444695606
-1981.43895447927,190.705977799902,847.677588096612
-1975.09283725858,191.966227802986,848.033144514245
-1968.80293972073,193.173355216754,848.335910538924
-1962.54400613737,194.343752120833,848.595682761074
-1956.29078078018,195.493810594846,848.822257771116
-1950.01800792082,196.639922718418,849.025432159472
-1943.70043183097,197.798480571174,849.215002516563
-1937.31279678228,198.985876232739,849.400765432814
-1930.82984704643,200.218501782736,849.592517498644
-1924.56608312703,201.608132724198,849.695989767229
-1918.32085293667,202.780969721521,849.683744471894
-1912.39922025214,204.166105919821,849.665196725808
-1906.35074973372,205.424901278718,849.507342199602
-1900.18028992011,206.568899745088,849.224338765936
-1893.89268935002,207.609645265809,848.830344297466
-1887.49279656217,208.55868178776,848.339516666853
-1880.98546009527,209.427553257817,847.766013746753
-1874.37552848802,210.227803622859,847.123993409825
-1867.66785027914,210.970976829764,846.427613528728
-1860.86727400735,211.668616825409,845.69103197612
-1853.97864821134,212.332267556672,844.928406624659
-1847.00682142984,212.97347297043,844.153895347003
-1839.95664220155,213.603777013563,843.38165601581
-1832.83295906519,214.234723632946,842.62584650374
-1825.64062055946,214.877856775459,841.90062468345
-1818.38447522307,215.544720387979,841.220148427599
-1810.96399388718,216.018020373094,840.335551885148
-1803.57778903038,216.620681192931,839.514600399294
-1796.10343667121,217.163913950486,838.584145057244
-1788.45880875072,217.742099166419,837.53997852381
-1780.64723274029,218.193374499392,836.434544676133
-1772.83943600954,218.71649457536,835.266957221464
-1765.23985144642,219.486688176661,833.90364418734
-1757.05889446433,219.945150576274,832.673259499734
-1748.75350332059,220.2899453865,831.283120504668
-1740.24386804153,220.614728134258,830.164524058988
-1731.48589496977,220.861750833167,829.127034169319
-1722.47583556165,221.029766201161,828.173682855119
-1713.20994127352,221.117526956169,827.307502135845
-1703.68446356175,221.123785816124,826.531524030954
-1693.89565388268,221.047295498958,825.848780559904
-1683.83976369267,220.886808722601,825.262303742153
-1673.51304444808,220.641078204985,824.775125597157
-1662.91174760524,220.308856664042,824.390278144374
-1652.03212462052,219.888896817703,824.110793403262
-1640.87042695028,219.379951383899,823.939703393277
-1629.5896164791,218.957687943968,823.755010171033
-1617.99728636258,218.284735129605,823.546157591736
-1606.47690358289,217.653698340114,823.403478861079
-1594.95786168419,216.926394115371,823.436773072954
-1583.68322970372,216.142324689234,823.645818975465
-1572.71368067412,215.194418928635,824.095369782754
-1562.27015050438,214.290692976506,824.758104307566
-1552.11892963178,213.214496482341,825.522065161523
-1542.84227548872,212.257746395821,826.236671814976
-1534.29301818742,211.40142669945,826.731800468452
-1525.69029795843,210.820045837254,827.348166271899
-1517.03173015546,210.461649443494,828.086196520793
-1508.31493013222,210.274283152432,828.946318510609
-1499.5375132424,210.205992598328,829.928959536821
-1490.69709483971,210.204823415441,831.034546894906
-1481.79129027786,210.218821238035,832.263507880338
-1472.81771491054,210.196031700368,833.616269788592
-1463.77398409147,210.084500436702,835.093259915144
-1454.65771317434,209.832273081297,836.694905555469
-1445.46651751286,209.387395268415,838.421634005041
-1436.19801246074,208.697912632315,840.273872559337
-1426.61394689264,207.860722651184,842.108586304948
-1416.86356616008,206.892829451067,843.93124508779
-1406.96246514738,205.809698908582,845.638489299976
-1397.10257736608,204.648107802599,847.326291664885
-1387.25358611552,203.646711200303,848.760914652832
-1377.59863100343,202.717559738634,850.164543882542
-1368.0681308874,201.955850593138,851.438657859269
-1358.7810666781,201.453289205091,852.665335139819
-1349.63541997581,201.082709288472,853.659207909915
-1340.63956319733,200.983626597023,854.646672291586
-1331.74868023011,201.118315373254,855.371574896622
-1323.03130047111,201.393789138632,856.056105361946
-1314.37727001531,201.762070212454,856.591851184697
-1305.7861451733,202.113594002292,856.729885908667
-1297.21551973767,202.530107166187,856.802708027441
-1288.65917016992,203.02432239981,856.624226205907
-1280.12988054275,203.518417110874,856.367480855123
-1271.52866923412,204.133745292334,855.85554772647
-1262.82592438299,204.660906976637,855.122061857749
-1254.02024400782,205.285254157627,854.220716023836
-1245.1282567378,205.973715605044,853.165674337568
-1236.01233008294,206.713700647295,851.968784877686
-1226.75684117803,207.503415485948,850.706853294669
-1217.2288438791,208.487263191932,849.56636690108
-1207.46601562928,209.459542108575,848.45478313003
-1197.52298907603,210.384423059282,847.438383383712
-1187.37783332502,211.278277167399,846.51329384557
-1177.00861748192,212.157475556272,845.675640699045
-1166.39341065239,213.038389349245,844.921550127582
-1155.51028194211,213.937389669664,844.247148314623
-1144.33730045673,214.870847640873,843.648561443612
-1132.85253530193,215.855134386219,843.12191569799
-1121.03405558336,216.906621029046,842.663337261202
-1108.85993040671,218.0416786927,842.26895231669
-1096.30822887763,219.276678500525,841.934887047898
-1083.3570201018,220.627991575868,841.657267638268
-1070.53431498755,222.004404771277,842.081858936331
-1058.19592309488,223.08089734319,843.639485670135
-1046.48373163196,223.829668327963,845.978543583531
-1035.0121125222,224.747909958631,848.569182373659
-1023.75272647193,226.014084135462,850.959538342603
-1012.87649888171,227.613631583702,852.973561866683
-1002.37038590866,229.462463155689,854.580454627719
-991.978499102727,231.467992720891,855.845435267561
-981.745896482691,233.595419960118,856.863849374941
-971.690857100375,235.594167410878,857.856507520369
-961.709851829384,237.450774890387,858.619430032117
-951.76803024673,239.06322670876,859.40570810293
-941.886953229734,240.453030288476,859.966374880105
-932.146364157671,241.704561217063,860.395179372519
-922.505864733559,242.919570723781,860.69757186412
-913.104233818762,244.013206475915,860.921138638166
-903.908554005869,245.086744672503,861.065564168302
-894.875451934587,246.125810976941,861.37491758991
-885.96667534816,247.16141569153,861.706801765069
-877.1650381248,248.182558971705,862.050781441735
-868.453354142722,249.178240972898,862.396421367863
-859.814437280137,250.137461850545,862.733286291409
-851.23110141526,251.049221760079,863.050940960328
-842.686160426302,251.902520856934,863.338950122578
-834.162428191476,252.686359296544,863.586878526113
-825.642718588997,253.389737234344,863.784290918889
-817.109845497076,254.001654825767,863.920752048862
-808.546622793927,254.511112226247,863.985826663987
-799.935864357762,254.907109591219,863.969079512222
-791.260384066795,255.178647076116,863.86007534152
-782.502995799238,255.314724836372,863.648378899838
-773.646513433305,255.304343027422,863.323554935132
-765.396772356509,255.541101184678,862.69008448448
-757.12526494958,255.695065521591,861.978826238188
-748.639958254966,255.729151117811,861.14696762587
-740.089965261551,255.596119479028,860.268715548165
-731.198909948572,255.298151373982,859.07295994563
-722.523528015151,255.518126154946,857.857459585005
-713.581962094687,255.465722475201,856.709133719958
-704.468360729642,255.403664017186,855.481049284812
-695.27652455845,255.290635781564,854.205871872397
-685.957911623242,255.156548665593,852.918726051032
-676.444132953265,254.967167463869,851.588241201011
-667.045939003579,254.787636403893,850.250551580708
-657.41267512411,254.546236666743,848.794044576488
-647.74451175055,254.202187420658,847.336351030121
-637.932983091057,253.834392347944,845.777020403798
-628.112114153349,253.469412235862,844.271650061653
-617.95397202359,253.005499616177,842.81723823645
-607.666621683504,252.513575957702,841.454327935796
-597.057938408068,251.785061311824,840.102089020454
-586.254249939462,251.155868055499,838.873592899702
-575.200643508757,250.415530031695,837.832970825141
-564.001139059283,249.637328679355,836.893873134837
-552.348898808059,248.705441422318,836.112104793447
-540.412880764501,247.682932653539,835.588157803866
-528.29228400847,246.379602451814,835.353525281166
-516.201519161545,244.886082819446,835.439722174976
-504.229370467646,243.318564340868,835.838372094146
-492.445173375967,241.569336160611,836.785331468289
-481.163758433383,240.160289554904,837.830354186544
-470.008347536423,238.372007937192,839.009057943314
-459.056358227943,236.492140197933,840.182106053656
-448.359182451544,234.672230712923,841.357792224265
-438.049963569706,233.047285582197,842.355717247128
-428.066448233296,231.57655525861,843.161405879352
-418.306288601813,230.320701715917,843.777486476479
-408.790867220682,229.383997442234,844.443090958059
-399.682105347115,228.244261414044,845.234332387327
-390.902439225247,226.94999282502,846.135629030881
-382.37430509921,225.549690868833,847.131399155322
-374.020139213138,224.091854739156,848.20606102725
-365.762377811162,222.624983629661,849.344032913265
-357.523457137417,221.197576734021,850.529733079968
-349.225813436034,219.858133245907,851.747579793959
-340.791882951148,218.655152358993,852.981991321838
-332.14410192689,217.637133266949,854.217385930205
-323.204906607394,216.852575163449,855.43818188566
-313.896733236792,216.349977242165,856.628797454804
-304.142018059218,216.177838696768,857.773650904237
-293.863197318805,216.384658720932,858.857160500559
-282.982707259685,217.018936508328,859.86374451037
-271.422984125992,218.129171252629,860.777821200271
-262.9556556701,217.316736565486,862.015211424478
-253.737853523568,216.937539525019,863.134461734436
-244.531931374499,216.736863853633,864.140896596013
-235.290195007331,216.685963677831,865.004268144905
-226.043428429293,216.699434919712,865.735163638413
-216.794579574447,216.853033846986,866.327191199917
-207.418485687175,217.092046000017,866.629113762632
-198.041979204913,217.370997965606,866.827311429089
-188.575114798572,217.759679584554,866.841001004137
-179.048375186352,218.179480092195,866.573634818858
-169.321117567256,218.687711192579,866.143664784058
-159.426711374431,219.205923180886,865.593186176506
-148.57130565443,220.947312916433,864.952335029854
-138.351023922318,221.694194103616,864.152729037844
-127.874055224848,222.614611912338,863.213937165632
-117.057903235778,223.758510931612,862.154395540337
-106.021737051583,225.007119112085,860.990786879598
-94.8927118477139,226.25372196386,859.753110599624
-83.5391478183389,227.563441494605,858.691629953819
-72.0160893331534,228.752135586329,857.712253700864
-60.2966773475829,229.857536014682,856.764816396664
-48.3073541891665,230.945024087472,856.018910186589
-35.9619932832911,232.084516894791,855.356834203354
-23.7090464486278,233.321930605145,855.151452071549
-11.5515893875504,234.642255110886,855.347966670456
0.507302197567384,236.030480304366,855.891580879359
12.4645526043518,237.471596077937,856.727497577539
24.3170861304291,238.950592323952,857.800919644279
36.0618270734256,240.452458934763,859.057049958861
47.6956997309675,241.962185802722,860.441091400568
59.2156284006811,243.464762820181,861.898246848681
70.6185373801928,244.945179879494,863.373719182483
81.9013509671287,246.388426873012,864.812711281256
93.0609934591151,247.779493693087,866.160426024283
104.094389153778,249.103370232072,867.362066290847
114.998462348745,250.345046382319,868.362834960228
125.77013734164,251.48951203618,869.107934911711
136.406338430092,252.521757086008,869.542569024576
146.994398362361,253.265909913831,870.012102595459
157.416682153329,253.823212469327,870.331006293686
167.713512998482,254.356672799661,870.762531868644
177.803482782169,254.863246065223,871.352948402206
187.447931142819,255.3448982609,871.970693125691
196.882493898654,255.844210190657,872.51289471274
206.132093336372,256.353270176848,872.979959008984
215.22165174267,256.864166541825,873.372291860057
224.176091404243,257.368987607942,873.690299111592
233.020334607788,257.859821697553,873.93438660922
241.779303640003,258.328757133009,874.104960198574
250.477920787583,258.767882236666,874.202425725287
259.141108337225,259.169285330875,874.227189034991
267.793788575627,259.52505473799,874.17965597332
276.460883789484,259.827278780365,874.060232385904
285.167316265492,260.068045780353,873.869324118377
293.93800829035,260.239444060306,873.607337016372
302.797882150752,260.333561942578,873.274676925521
311.771860133397,260.342487749523,872.871749691456
320.884864524979,260.258309803494,872.39896115981
330.161817612197,260.073116426843,871.856717176216
339.627641681747,259.778995941924,871.245423586305
349.307259020325,259.368036671091,870.565486235712
358.758298729195,259.100641153509,869.916458323945
368.459734611753,258.759936856086,869.189135661538
378.321350076933,258.328207538802,868.298890905555
388.318441783856,257.934511784079,867.388393665421
398.531705400459,257.357736810356,866.44337718069
408.926236120116,256.753933845803,865.280608469639
419.402698706096,256.232596714566,864.246965160196
430.190285150783,255.637696834944,863.105280252485
441.321565663616,254.766624945158,861.935181093813
452.580814835561,254.019835068757,860.785302080153
464.154799053826,253.075496405697,859.501635105373
475.922368207981,252.172679100336,858.288583422055
487.871640846699,251.271735443114,857.067454634586
500.111706564115,250.256677241333,855.862040850816
512.603336370774,249.210838717738,854.785024598996
525.273654489326,247.983311776332,853.727825474686
538.087737968655,246.710090661449,852.584782905344
551.026612897555,245.245766994422,851.446568706491
563.929386069591,243.74390458732,850.358705127744
576.677893221972,242.004325838945,849.4603315174
589.135367748839,240.264204836642,848.758896258426
601.180407155148,238.476381195485,848.221921210385
612.820659677406,236.686378085456,847.988446909279
623.861561450827,235.035392913995,847.860242587912
634.693265023145,233.382193824073,847.757594043363
645.221395087614,231.920439302629,847.690619818754
655.449104340165,230.667558368619,847.676283904351
665.308569534836,229.834029650988,847.605752652899
676.327555095587,227.96996191118,848.215435826958
686.170873401996,227.152922522757,848.700355175966
695.967607259131,226.459490343394,849.40543385932
705.457323776588,225.77432140811,850.192386157772
715.161272822377,224.88554139914,851.261802916162
724.765412232382,224.0162406431,852.773500773878
734.703538808793,222.781628451277,854.673256970519
742.57377157464,223.315867618526,856.430192447252
752.489481888288,222.442427861698,858.07333814114
762.827524835195,221.067278320053,859.962067753782
773.234208812801,219.551168237089,861.918850156402
783.990543698262,217.799722241712,864.061093678616
794.186674587335,216.38943929307,865.930427594729
804.549832142115,215.083074688065,867.698224350056
814.867226230156,213.830436862567,869.438443288106
825.006957497641,212.836766653586,870.949180252365
835.004944028807,211.875722019213,872.270434854557
844.86743595294,211.120434697203,873.492939263357
854.646742846279,210.536280787441,874.604117572837
864.395174285067,210.088636389811,875.591393877066
874.165039845545,209.742877604199,876.442192270116
884.008649103957,209.464380530489,877.143936846059
893.978311636542,209.218521268567,877.684051698964
904.077156774561,209.009584249583,878.107756233537
914.304391999426,208.782557157963,878.308310160096
924.575440993453,208.690285061844,878.183186163442
935.079027445753,208.601752085786,877.923103870739
945.63024240259,208.521336597796,877.30460489872
956.460769802402,208.489524902,876.535750313435
967.414397426459,208.476224004559,875.484810324666
978.644715962146,208.54551567183,874.275484018085
990.078517382988,208.515032345344,872.807859213758
1001.79760164747,208.647708475162,871.281466537711
1013.67607345573,208.722811398975,869.708655504837
1025.71003322283,208.703100288177,868.121629979845
1037.9689916379,208.849068642645,866.895083383141
1050.21030469722,208.691515500033,865.373426107696
1062.75165401682,208.757110384337,863.987568272637
1075.51847042441,208.880843665651,862.643435891426
1088.55245550771,209.17396164957,861.494128807105
1101.75782044988,209.839228548349,860.700123443112
1115.92160278303,211.253797504851,860.4419104148
1127.83140806804,211.319579783558,862.409772674404
1139.29719930205,211.607920279899,866.011782288897
1150.91694183131,212.047609637505,868.888217302837
1162.56220827739,212.858322444402,870.822106764173
1173.96005107574,213.615755731493,872.628427988946
1184.41321241149,213.964827209236,873.92743269902
1195.53594953172,215.106467072452,874.715774831884
1206.68654139994,216.359313100157,875.156579311293
1217.95824095041,217.259361090751,875.281022242699
1229.26534066888,217.832408026051,875.1741598941
1240.52213304109,218.10425088787,874.921048533494
1251.64291055277,218.100686658026,874.60674442888
1262.54196568968,217.847512318333,874.316303848256
1273.13359093755,217.370524850607,874.13478305962
1283.09465063607,216.873973462185,874.315181193006
1292.76486515063,216.298954897455,875.081927166364
1302.04954808806,215.939752547868,876.084994301794
1311.32369341551,215.741049165511,876.912380236828
1320.59930072705,215.670227684676,877.49780654382
1329.67397957954,215.539285959409,878.003153775979
1338.69781573748,215.306197257797,878.286162333391
1347.60097877736,215.067321477688,878.40907060108
1356.33000872931,214.950598775186,878.094294857948
1365.10833909501,214.865672882579,877.564607446626
1373.72492942363,214.673282829076,877.103807437571
1382.21239983736,214.37998791296,876.700855908737
1390.6033704584,213.992347432514,876.344713938078
1398.93046140894,213.51692068602,876.024342603548
1407.2262928112,212.960266971759,875.728702983102
1415.52348478736,212.328945588016,875.446756154692
1423.85465745961,211.629515833072,875.167463196273
1432.25243095017,210.868537005209,874.879785185799
1440.74942538122,210.05256840271,874.572683201224
1449.37826087497,209.188169323858,874.235118320502
1458.1715575536,208.281899066935,873.856051621586
1467.16193553933,207.340316930223,873.424444182431
1476.38201495434,206.369982212005,872.92925708099
1485.75502564974,205.456386292789,872.364294286156
1495.38178756359,204.504426858252,871.807230503573
1505.19241924165,203.501766190249,871.082173655808
1515.20110134649,202.385040747403,870.393423801762
1525.39177025737,201.178858621076,869.754404282643
1535.78277324091,199.86863257306,868.897014097724
1546.3698480383,198.427029037107,868.059600546891
1557.09792999119,196.903975897641,867.146472055721
1568.12899054728,195.292825542793,866.101709993856
1579.4449152622,193.546078489039,864.988024837466
1591.02269366192,191.720093286316,863.73348801382
1602.81961436843,189.733628179952,862.414337642699
1614.97365909001,187.629153580567,860.933559875868
1627.23521256588,185.428478767012,859.379587207875
1639.57834053953,183.113950421747,857.820502370188
1652.04194814884,180.697963119353,856.160155674893
1664.29963872414,178.356931627212,854.436214373133
1676.81764242401,175.7420979531,852.676990899374
1689.15793972347,173.197266965493,851.050182471052
1701.27110324432,170.517517209108,849.685567130407
1712.78124104153,167.882900176133,848.418418256562
1723.83338763717,165.373247726123,847.389542424288
1734.38010013663,163.073625519141,846.562779433222
1744.37746106022,161.058401830716,845.926373437063
1753.88223123152,159.170654489663,845.524694326301
1762.94544794699,157.629443660969,845.416946524342
1771.50309010868,156.426706369167,845.586709399167
1779.72687149993,155.640625193285,845.917732464163
1788.00510429019,154.995800219585,846.830686784207
1795.92872720073,154.471097381861,847.925157298669
1803.92096096818,153.819288858964,849.321564765266
1811.97593858615,153.198517513749,851.025264177574
1819.99030535493,152.546645142737,852.496721191574
1828.35051266347,151.611834140127,854.489953892101
1837.02303230064,150.576904358031,856.294756049278
1845.85136056606,149.373980734507,858.089848621102
1854.7838130575,148.070767822394,859.908946350943
1863.74853620253,146.79906882337,861.704327564343
1872.76217553068,145.699222989513,863.490594938631
1881.72758276454,144.773036715189,865.138558439508
1890.48908934651,144.013735508468,866.706395554894
1899.28413062738,143.377933918047,868.391169203677
1907.3948510356,142.808251707088,869.548615137934
1915.48602810661,142.610410061541,870.549125733406
1923.57481196153,142.719511241033,871.51097171927
1931.58575907345,142.999605059323,872.302487071082
1939.57944440141,143.467570069677,873.027145724542
1947.5712764172,144.028614796991,873.642127832227
1955.42691832684,144.607177192101,874.100519795509
1963.48445369525,145.419276369657,874.420733758965
1971.63288880852,146.293853736525,874.526157103273
1979.89570476961,147.258361907507,874.294643493857
1988.40634622455,148.349433577665,874.058374594635
1997.07471912381,149.57840749892,873.600163586024
2005.96514535606,150.838578036868,872.904263673315
2015.00559272022,152.150243713703,872.146747353378
2024.2267742746,153.540948720601,871.142636094529
2033.51432792928,154.993126650037,870.015911116418
2043.12402655968,156.562337191895,869.069039862141
2052.70025778541,158.024418100779,867.994928643043
2062.58523083895,159.56847120375,867.258128022453
2072.70718600502,161.115434040297,866.524770996772
2082.93654987819,162.53550296631,865.751130233751
2093.44476475869,164.053007582843,865.006225354498
2104.25165757173,165.78566508805,864.167006794233
2115.35013307888,167.751595084779,863.234737983287
2126.87458810532,170.066362454086,862.296028658493
2138.5161386857,172.521348202334,861.449149733082
2149.67189158757,174.708809631389,861.404033524508
2160.13612023266,176.378442168405,862.460032204479
2170.28558475098,178.261581310119,864.108740992255
2180.48837500323,180.952266950633,865.824495276347
2190.18386940376,183.745052776149,867.445308813772
2199.46030020876,186.587236487486,869.022847227776
2208.59361812513,189.359171216217,870.44396746353
2217.6176624438,192.021746512778,871.752262711202
2226.68765209675,194.472677630958,873.123169741418
2235.7114802706,196.558551948296,874.410876619695
2244.69863104168,198.278344051734,875.738777023271
2253.62078330906,199.722637751299,876.99809507638
2262.48908721942,200.924718314801,877.950873796072
2271.10164443427,202.011993361049,878.366186989339
2279.53693764797,203.057564044339,878.665018983396
2287.58206829975,204.014102498755,878.919595357142
2295.34523626081,204.917922624781,879.299228969525
2302.85553108151,205.813751236803,879.872780976236
2310.15718940723,206.654955569028,880.548861572374
2317.33499074319,207.549890507916,881.212187663621
2324.19399823924,208.399274934177,881.793446013519
2330.95662082757,209.432005521942,882.338812040744
2337.24409212897,210.356304191475,882.824317611906
2343.33089562218,211.320533779566,883.233064867568
2349.2469943892,212.39845853339,883.504057977287
2354.863547141,213.406219470812,883.635561488157
2360.2967764304,214.442895921863,883.662573795183
2365.60854100388,215.387599987724,883.645336193338
2370.89157814921,216.327401379288,883.624875957522
2376.24879295867,217.352453593046,883.587244813767
2381.30869013352,217.962743105563,883.500023475084
2386.77400835395,218.189849580377,883.728546106001
2392.15999366349,218.436443527572,883.879014628532
2397.48170699544,218.694637219606,883.957173968217
2402.75420928313,218.956542928936,883.968769050596
2407.99256145985,219.214272928021,883.91954480121
2413.21182445894,219.459939489317,883.815246145598
2418.4270592137,219.685654885283,883.661618009301
2423.65332665745,219.883531388377,883.464405317859
2428.90568772351,220.045681271055,883.229352996814
2434.19920334519,220.164216805775,882.962205971704
2439.5489344558,220.231250264996,882.668709168071
2444.96994198867,220.238893921175,882.354607511454
2450.4772868771,220.17926004677,882.025645927395
2455.94324950913,220.058766152662,881.64492433184
2461.44702651407,219.953141697972,881.199929008963
2466.83680765353,219.75630163633,880.620143701845
2472.29754055309,219.517493258817,880.062967764296
2477.7256643545,219.154605363232,879.412462442267
2483.11992800124,218.761101066031,878.743310421849
2488.57229167917,218.254482360008,878.088071480789
2494.06260198958,217.684304152771,877.442351013098
2499.70134784149,217.050027528636,876.807283291265
2505.41498532054,216.272372907548,876.153536334512
2511.20475538258,215.439675752167,875.583963521065
2517.16875924886,214.503301718959,874.954060913574
2523.29114995578,213.527495249547,874.319968013311
2529.56085899798,212.429039899427,873.763390105356
2536.02212862641,211.30784937974,873.205424904621
2542.65182288338,210.069044910392,872.583767377459
2549.47611715136,208.787898685461,871.932391451852
2556.40642380384,207.384057662506,871.280797797873
2563.69969267558,205.907075029095,870.468921873785
2571.30032864445,204.359324593022,869.537417626166
2579.15273658832,202.743180162082,868.526939001592
2587.20132138507,201.06101554407,867.47813994664
2595.39048791257,199.315204546782,866.431674407888
2603.66464104871,197.508120978011,865.428196331913
2611.96818567135,195.642138645554,864.508359665291
2620.24552665838,193.719631357205,863.712818354601
2628.44106888768,191.742972920759,863.082226346418
2636.49921723711,189.714537144011,862.657237587321
2644.36437658455,187.636697834756,862.478506023886
2651.98095180788,185.511828800789,862.58668560269
2659.29334778498,183.342303849905,863.02243027031
2666.18749072345,181.2917736257,863.738211396504
2672.61483625906,179.30758963756,864.508730653843
2678.75279447465,177.465445390942,865.369291482276
2684.51778463957,175.791102596594,866.084525012907
2690.01256827932,174.275571620882,866.846570822117
2695.28791414935,173.056646960056,867.457928270045
2700.2656584253,171.977493064862,868.048095280729
2705.04437411322,171.040732777905,868.73012529439
2709.62005914262,170.216822298286,869.286832735193
2714.09343618085,169.437077461572,869.897639848659
2718.52775384639,168.725814536593,870.501745717877
2722.95827468825,168.008742831224,871.160912206742
2727.35696000985,167.251622389008,871.977949679121
2731.71840181683,166.400377874125,872.887506544029
2736.06957858786,165.587402821863,873.808581308215
2740.39345669161,164.792320109203,874.916812636469
2744.63027605334,164.028244012608,876.037129330627
2748.8167570221,163.301302895582,877.176044833199
2752.86380976159,162.644533347388,878.227625012384
2756.79879663067,162.073845575252,879.332018099189
2760.58452257272,161.633613489313,880.408758966843
2764.19421327778,161.317366987492,881.496769506469
2767.67189084365,161.103642426431,882.65640176228
2771.00411709383,160.981212424073,883.688025171622
2774.29780688503,161.00638839427,884.668627887988
2777.4961732076,161.087889481244,885.549889781121
2780.62915376682,161.218578650895,886.359655410432
2783.64371733183,161.334524401439,886.966814971869
2786.60608546532,161.48397818306,887.424278843254
2789.57377293962,161.712404777791,887.756270538771
2792.60720516186,162.037124789326,888.015492680058
2795.73517467332,162.438156956591,888.173309512568
2798.87881028274,162.856882325089,888.123470425553
2802.12216019558,163.351384165346,887.954059301622
2805.44129974466,163.764788916882,887.699191858684
2808.83779030368,164.176779850932,887.267322009661
2812.38761485516,164.591265485133,886.773521134696
2816.06259404097,165.023532490762,886.105195105849
2819.83321159706,165.421730512255,885.277954923362
2823.6855580982,165.833619076096,884.252191198605
2827.54738817523,166.220448862034,883.032270434342
2831.33873541269,166.578750602694,881.724889609071
2835.10796865564,166.981254169499,880.523710223593
2838.82855286731,167.422979791644,879.560041606746
2842.4588754439,167.903558928574,879.053719073699
2845.88214656158,168.356553229596,879.202634858542
2848.97882852172,168.716531615078,879.803261398597
2851.84393479952,169.043550639038,880.627345150765
2854.73161514039,169.51723010556,881.394459019905
2857.70403688205,170.187439140722,882.048991364288
2860.70500092421,170.744983747432,882.743201115983
2863.65456151915,171.106706766669,883.359583214435
2866.65214518926,171.408200310943,883.888904457653
2869.73766878337,171.819748832137,884.149743772213
2872.79792458448,172.236079052944,884.118643258489
2875.84589776105,172.621290249005,883.933599176803
2878.76112242422,172.983660805149,883.609412030778
2881.6770185203,173.336835046978,883.094048142657
2884.48630492189,173.612172754469,882.46439592818
2887.25381998731,173.914547565694,881.864444952914
2889.8993748772,174.119629532827,881.335711371053
2892.37931763972,174.246832089427,880.771934402491
2894.73486883469,174.355790594168,880.403569265719
2896.97497450016,174.430368202384,880.018006024215
